1686487.0 0.0 0.0 0.0
1686915.0 0.0 0.0 0.0
1687132.0 0.0 0.0 0.0
1687555.0 0.0 0.0 0.0
1687770.0 0.0 0.0 0.0
1688194.0 0.0 0.0 0.0
1688411.0 0.0 0.0 0.0
1688627.0 0.0 0.0 0.0
1688843.0 0.0 0.0 0.0
1689054.0 0.0 0.0 0.0
1689273.0 0.0 0.0 0.0
1689479.0 0.0 0.0 0.0
1689698.0 0.0 0.0 0.0
1689906.0 0.0 0.0 0.0
1690116.0 0.0 0.0 0.0
1690338.0 0.0 0.0 0.0
1690549.0 0.0 0.0 0.0
1690759.0 0.0 0.0 0.0
1690970.0 0.0 0.0 0.0
1691192.0 0.0 0.0 0.0
1691400.0 0.0 0.0 0.0
1691822.0 0.0 0.0 0.0
1692039.0 0.0 0.0 0.0
1692258.0 0.0 0.0 0.0
1692470.0 0.0 0.0 0.0
1692681.0 0.0 0.0 0.0
1692900.0 0.0 0.0 0.0
1693105.0 0.0 0.0 0.0
1693319.0 0.0 0.0 0.0
1693530.0 0.0 0.0 0.0
1693751.0 0.0 0.0 0.0
1693959.0 0.0 0.0 0.0
1694178.0 0.0 0.0 0.0
1694387.0 0.0 0.0 0.0
1694811.0 0.0 0.0 0.0
1695028.0 0.0 0.0 0.0
1695243.0 0.0 0.0 0.0
1695451.0 0.0 0.0 0.0
1695665.0 0.0 0.0 0.0
1695888.0 0.0 0.0 0.0
1696098.0 0.0 0.0 0.0
1696314.0 0.0 0.0 0.0
1696524.0 0.0 0.0 0.0
1696740.0 0.0 0.0 0.0
1696952.0 0.0 0.0 0.0
1697168.0 0.0 0.0 0.0
1697377.0 0.0 0.0 0.0
1697590.0 10.0 0.0 3600.0
1697802.0 33.0 0.0 0.0
1698013.0 71.0 0.0 0.0
1698233.0 122.0 0.0 1.0
1698442.0 184.0 0.0 0.0
1698652.0 249.0 0.0 0.0
1698868.0 379.0 0.0 0.0
1699087.0 445.0 0.0 0.0
1699293.0 511.0 0.0 3600.0
1699515.0 574.0 0.0 3599.0
1699721.0 636.0 0.0 3599.0
1699939.0 701.0 0.0 3597.0
1700150.0 767.0 0.0 3596.0
1700362.0 829.0 0.0 3595.0
1700578.0 888.0 -1.0 3595
1700788.0 951.0 -1.0 3594
1701000.0 1015.0 -2.0 3594
1701218.0 1077.0 -2.0 3594
1701435.0 1142.0 -3.0 3593
1701645.0 1208.0 -4.0 3592
1701857.0 1274.0 -5.0 3592
1702070.0 1340.0 -6.0 3592
1702289.0 1470.0 -7.0 3591
1702500.0 1530.0 -8.0 3591
1702713.0 1581.0 -10.0 3570
1702928.0 1624.0 -13.0 3549
1703144.0 1675.0 -18.0 3547
1703349.0 1733.0 -23.0 3549
1703566.0 1792.0 -28.0 3550
1703775.0 1855.0 -34.0 3551
1703990.0 1918.0 -39.0 3553
1704210.0 1981.0 -44.0 3555
1704423.0 2039.0 -49.0 3556
1704637.0 2103.0 -54.0 3557
1704845.0 2167.0 -58.0 3558
1705065.0 2223.0 -62.0 3562
1705272.0 2283.0 -66.0 3563
1705488.0 2411.0 -74.0 3567
1705695.0 2477.0 -78.0 3569
1705912.0 2540.0 -81.0 3570
1706122.0 2601.0 -84.0 3572
1706339.0 2668.0 -87.0 3574
1706549.0 2731.0 -90.0 3577
1706767.0 2792.0 -92.0 3578
1706977.0 2857.0 -95.0 3580
1707189.0 2919.0 -97.0 3582
1707409.0 2982.0 -99.0 3584
1707616.0 3039.0 -100.0 3586
1707834.0 3097.0 -102.0 3585
1708047.0 3161.0 -103.0 3585
1708261.0 3216.0 -105.0 3582
1708478.0 3338.0 -109.0 3581
1708688.0 3401.0 -111.0 3581
1708902.0 3468.0 -113.0 3580
1709118.0 3531.0 -115.0 3581
1709329.0 3595.0 -117.0 3583
1709540.0 3657.0 -119.0 3584
1709759.0 3718.0 -121.0 3585
1709968.0 3781.0 -122.0 3586
1710181.0 3845.0 -124.0 3588
1710391.0 3906.0 -125.0 3590
1710611.0 3970.0 -126.0 3592
1710820.0 4029.0 -127.0 3592
1711032.0 4080.0 -127.0 3592
1711247.0 4136.0 -128.0 3592
1711464.0 4202.0 -129.0 3591
1711882.0 4388.0 -132.0 3590
1712100.0 4451.0 -134.0 3589
1712317.0 4514.0 -135.0 3588
1712525.0 4579.0 -136.0 3587
1712739.0 4646.0 -138.0 3588
1712952.0 4711.0 -139.0 3589
1713170.0 4772.0 -140.0 3591
1713385.0 4836.0 -141.0 3592
1713599.0 4900.0 -142.0 3592
1713813.0 4957.0 -143.0 3593
1714021.0 5010.0 -143.0 3592
1714235.0 5068.0 -144.0 3591
1714452.0 5133.0 -145.0 3590
1714657.0 5199.0 -147.0 3589
1714872.0 5329.0 -150.0 3586
1715087.0 5395.0 -151.0 3585
1715303.0 5460.0 -153.0 3584
1715516.0 5518.0 -155.0 3583
1715731.0 5576.0 -156.0 3582
1715939.0 5639.0 -159.0 3581
1716156.0 5704.0 -161.0 3580
1716366.0 5768.0 -163.0 3579
1716584.0 5831.0 -165.0 3579
1716800.0 5894.0 -167.0 3581
1717008.0 5957.0 -170.0 3582
1717218.0 6022.0 -172.0 3583
1717436.0 6081.0 -173.0 3583
1717655.0 6143.0 -175.0 3585
1718071.0 6322.0 -180.0 3587
1718293.0 6383.0 -181.0 3589
1718503.0 6444.0 -182.0 3589
1718716.0 6507.0 -183.0 3590
1718928.0 6571.0 -184.0 3592
1719139.0 6637.0 -185.0 3592
1719359.0 6699.0 -186.0 3593
1719567.0 6760.0 -187.0 3594
1719787.0 6825.0 -187.0 3594
1719994.0 6890.0 -188.0 3593
1720215.0 6953.0 -189.0 3592
1720429.0 7013.0 -190.0 3591
1720641.0 7077.0 -191.0 3591
1720852.0 7143.0 -192.0 3590
1721063.0 7206.0 -193.0 3589
1721275.0 7336.0 -196.0 3587
1721699.0 7462.0 -199.0 3586
1721921.0 7528.0 -200.0 3585
1722339.0 7658.0 -204.0 3584
1722561.0 7721.0 -206.0 3585
1722769.0 7785.0 -207.0 3586
1722982.0 7849.0 -209.0 3586
1723203.0 7914.0 -210.0 3586
1723416.0 7978.0 -212.0 3585
1723627.0 8042.0 -214.0 3585
1723839.0 8104.0 -215.0 3584
1724051.0 8168.0 -217.0 3583
1724271.0 8297.0 -221.0 3581
1724480.0 8362.0 -224.0 3580
1724696.0 8425.0 -226.0 3580
1724905.0 8485.0 -228.0 3584
1725117.0 8540.0 -229.0 3591
1725337.0 8595.0 -230.0 0
1725544.0 8648.0 -229.0 12
1725755.0 8697.0 -227.0 28
1725975.0 8740.0 -224.0 42
1726185.0 8783.0 -221.0 56
1726403.0 8832.0 -215.0 70
1726612.0 8875.0 -209.0 87
1726824.0 8920.0 -202.0 103
1727247.0 9026.0 -180.0 118
1727467.0 9148.0 -155.0 112
1727680.0 9208.0 -143.0 106
1727890.0 9268.0 -132.0 101
1728104.0 9328.0 -122.0 94
1728322.0 9391.0 -111.0 89
1728531.0 9455.0 -102.0 82
1728748.0 9517.0 -93.0 77
1728962.0 9578.0 -85.0 75
1729173.0 9637.0 -77.0 72
1729390.0 9700.0 -69.0 72
1729808.0 9821.0 -54.0 71
1730032.0 9887.0 -45.0 69
1730238.0 9952.0 -37.0 68
1730456.0 10018.0 -29.0 68
1730664.0 10083.0 -22.0 66
1730878.0 10215.0 -7.0 61
1731094.0 10278.0 0.0 58
1731307.0 10341.0 6.0 57
1731521.0 10407.0 12.0 56
1731731.0 10473.0 19.0 55
1731943.0 10539.0 25.0 54
1732160.0 10605.0 31.0 53
1732378.0 10671.0 38.0 51
1732589.0 10738.0 44.0 51
1732800.0 10804.0 50.0 50
1733019.0 10870.0 55.0 50
1733232.0 10936.0 61.0 49
1733443.0 11002.0 67.0 48
1733651.0 11068.0 73.0 47
1734076.0 11264.0 88.0 43
1734300.0 11329.0 94.0 43
1734717.0 11461.0 103.0 41
1734932.0 11527.0 108.0 41
1735146.0 11593.0 113.0 39
1735364.0 11658.0 118.0 38
1735577.0 11724.0 122.0 36
1735788.0 11790.0 126.0 36
1736006.0 11854.0 130.0 34
1736214.0 11920.0 134.0 33
1736425.0 11986.0 138.0 32
1736647.0 12052.0 142.0 31
1736854.0 12118.0 145.0 30
1737069.0 12184.0 149.0 29
1737280.0 12315.0 156.0 28
1737495.0 12381.0 159.0 27
1737708.0 12447.0 162.0 26
1737924.0 12514.0 165.0 25
1738140.0 12580.0 168.0 25
1738350.0 12646.0 171.0 24
1738567.0 12712.0 174.0 24
1738775.0 12777.0 177.0 23
1738986.0 12843.0 180.0 22
1739208.0 12909.0 182.0 21
1739419.0 12974.0 185.0 21
1739631.0 13040.0 187.0 21
1739843.0 13105.0 190.0 20
1740058.0 13170.0 192.0 19
1740271.0 13299.0 196.0 17
1740483.0 13364.0 198.0 16
1740693.0 13429.0 200.0 17
1740912.0 13493.0 202.0 16
1741123.0 13559.0 204.0 15
1741338.0 13624.0 206.0 14
1741554.0 13689.0 208.0 14
1741763.0 13756.0 209.0 14
1741976.0 13822.0 211.0 13
1742188.0 13887.0 213.0 12
1742405.0 13953.0 214.0 11
1742615.0 14019.0 215.0 11
1742834.0 14084.0 217.0 10
1743043.0 14150.0 218.0 9
1743254.0 14216.0 219.0 8
1743467.0 14281.0 220.0 9
1743688.0 14408.0 223.0 12
1743896.0 14468.0 224.0 0
1744112.0 14516.0 223.0 3572
1744329.0 14556.0 220.0 3542
1744535.0 14593.0 215.0 3512
1744757.0 14631.0 208.0 3481
1744967.0 14668.0 199.0 3450
1745180.0 14707.0 187.0 3422
1745392.0 14750.0 173.0 3396
1745605.0 14789.0 157.0 3368
1745822.0 14827.0 139.0 3344
1746031.0 14867.0 119.0 3321
1746251.0 14906.0 97.0 3298
1746459.0 14946.0 73.0 3275
1746677.0 15023.0 20.0 3235
1746887.0 15062.0 -9.0 3217
1747096.0 15099.0 -40.0 3198
1747313.0 15139.0 -75.0 3181
1747522.0 15180.0 -112.0 3165
1747736.0 15220.0 -152.0 3150
1747952.0 15259.0 -191.0 3136
1748171.0 15298.0 -233.0 3123
1748379.0 15334.0 -274.0 3109
1748598.0 15366.0 -312.0 3097
1748805.0 15401.0 -354.0 3083
1749024.0 15436.0 -401.0 3072
1749234.0 15472.0 -448.0 3060
1749442.0 15503.0 -493.0 3048
1749655.0 15536.0 -542.0 3038
1749872.0 15599.0 -639.0 3018
1750093.0 15632.0 -694.0 3008
1750300.0 15662.0 -746.0 2998
1750517.0 15693.0 -800.0 2990
1750727.0 15723.0 -855.0 2981
1750945.0 15751.0 -909.0 2974
1751156.0 15779.0 -963.0 2967
1751369.0 15805.0 -1016.0 2960
1751579.0 15831.0 -1071.0 2954
1751799.0 15857.0 -1127.0 2948
1752004.0 15883.0 -1183.0 2942
1752218.0 15908.0 -1240.0 2938
1752430.0 15935.0 -1301.0 2938
1752653.0 15961.0 -1361.0 2932
1752863.0 15987.0 -1422.0 2927
1753078.0 16036.0 -1542.0 2918
1753291.0 16058.0 -1599.0 2913
1753497.0 16080.0 -1656.0 2908
1753712.0 16102.0 -1715.0 2902
1753931.0 16123.0 -1773.0 2897
1754147.0 16143.0 -1830.0 2893
1754359.0 16163.0 -1888.0 2887
1754564.0 16182.0 -1945.0 2883
1754779.0 16201.0 -2004.0 2878
1754997.0 16219.0 -2062.0 2872
1755208.0 16237.0 -2119.0 2868
1755418.0 16254.0 -2178.0 2863
1755633.0 16271.0 -2238.0 2858
1755846.0 16288.0 -2298.0 2853
1756067.0 16304.0 -2358.0 2850
1756278.0 16336.0 -2478.0 2843
1756488.0 16351.0 -2539.0 2840
1756702.0 16366.0 -2600.0 2835
1756913.0 16380.0 -2660.0 2830
1757128.0 16393.0 -2719.0 2826
1757348.0 16406.0 -2779.0 2821
1757559.0 16419.0 -2841.0 2814
1757771.0 16431.0 -2902.0 2810
1757985.0 16443.0 -2965.0 2805
1758404.0 16463.0 -3087.0 2792
1758623.0 16472.0 -3148.0 2785
1759045.0 16490.0 -3272.0 2776
1759260.0 16497.0 -3332.0 2775
1759475.0 16514.0 -3460.0 2777
1759692.0 16523.0 -3526.0 2778
1759904.0 16532.0 -3591.0 2778
1760117.0 16540.0 -3654.0 2779
1760331.0 16549.0 -3716.0 2780
1760544.0 16558.0 -3780.0 2783
1760754.0 16567.0 -3844.0 2785
1761179.0 16586.0 -3969.0 2788
1761606.0 16606.0 -4098.0 2792
1761821.0 16616.0 -4162.0 2793
1762041.0 16626.0 -4224.0 2789
1762253.0 16634.0 -4281.0 2783
1762463.0 16652.0 -4408.0 2785
1762886.0 16669.0 -4527.0 2771
1763108.0 16675.0 -4586.0 2764
1763315.0 16682.0 -4647.0 2755
1763530.0 16687.0 -4708.0 2749
1763742.0 16692.0 -4769.0 2742
1763960.0 16696.0 -4830.0 2736
1764170.0 16699.0 -4889.0 2727
1764388.0 16701.0 -4948.0 2720
1764603.0 16703.0 -5011.0 2718
1764811.0 16705.0 -5076.0 2716
1765025.0 16706.0 -5139.0 2713
1765242.0 16707.0 -5202.0 2714
1765450.0 16709.0 -5267.0 2716
1765669.0 16712.0 -5391.0 2719
1765881.0 16714.0 -5455.0 2720
1766097.0 16717.0 -5516.0 2721
1766308.0 16719.0 -5581.0 2723
1766518.0 16722.0 -5645.0 2725
1766735.0 16724.0 -5707.0 2727
1766948.0 16727.0 -5772.0 2727
1767161.0 16730.0 -5839.0 2726
1767372.0 16733.0 -5903.0 2726
1767582.0 16735.0 -5964.0 2727
1767796.0 16738.0 -6029.0 2726
1768222.0 16744.0 -6159.0 2728
1768443.0 16747.0 -6223.0 2730
1768861.0 16756.0 -6419.0 2730
1769085.0 16759.0 -6483.0 2730
1769298.0 16763.0 -6549.0 2729
1769504.0 16766.0 -6613.0 2730
1769724.0 16769.0 -6679.0 2730
1769933.0 16772.0 -6745.0 2730
1770148.0 16775.0 -6809.0 2730
1770361.0 16779.0 -6876.0 2729
1770569.0 16782.0 -6941.0 2729
1770787.0 16785.0 -7005.0 2731
1771003.0 16788.0 -7065.0 2734
1771213.0 16791.0 -7123.0 2738
1771427.0 16795.0 -7185.0 2739
1771643.0 16800.0 -7248.0 2740
1771852.0 16804.0 -7310.0 2741
1772067.0 16813.0 -7442.0 2741
1772282.0 16817.0 -7504.0 2740
1772500.0 16821.0 -7567.0 2741
1772710.0 16826.0 -7632.0 2739
1772921.0 16830.0 -7696.0 2737
1773131.0 16834.0 -7760.0 2735
1773344.0 16838.0 -7827.0 2734
1773567.0 16842.0 -7893.0 2734
1773777.0 16845.0 -7959.0 2734
1773986.0 16849.0 -8025.0 2733
1774197.0 16853.0 -8091.0 2732
1774410.0 16856.0 -8157.0 2732
1774632.0 16860.0 -8222.0 2731
1774838.0 16863.0 -8288.0 2730
1775264.0 16873.0 -8482.0 2728
1775486.0 16876.0 -8547.0 2727
1775696.0 16879.0 -8613.0 2727
1775904.0 16882.0 -8678.0 2727
1776119.0 16884.0 -8742.0 2725
1776339.0 16886.0 -8802.0 2720
1776545.0 16888.0 -8859.0 2713
1776760.0 16889.0 -8916.0 2705
1776979.0 16889.0 -8968.0 2695
1777188.0 16888.0 -9018.0 2683
1777405.0 16885.0 -9068.0 2667
1777618.0 16881.0 -9117.0 2649
1777829.0 16876.0 -9167.0 2632
1778252.0 16854.0 -9340.0 2630
1778473.0 16849.0 -9384.0 2630
1778892.0 16842.0 -9433.0 2630
1779109.0 16842.0 -9437.0 2631
1779324.0 16842.0 -9437.0 2631
